0
1
2
3
4
5
1825
1826
1827
1193
1192
1194
1189
1191
1188
1190
1195
1196
1197
1198
1289
1290
1291
1288
1285
1286
1287
1292
1293
1294
1295
1220
1668
1669
1219
1218
1216
1217
1221
1222
1223
1224
1316
1670
1671
1315
1314
1313
1312
1317
1318
1319
1320
1177
1178
1171
1170
1172
1173
1174
1175
1176
1180
1186
1187
1179
1181
1182
1184
1183
1185
1204
1205
1202
1199
1200
1201
1203
1206
1207
1208
1209
1258
1255
1259
1254
1256
1257
1260
1263
1261
1262
1264
1265
1266
1274
1275
1269
1267
1268
1270
1271
1272
1273
1283
1278
1284
1276
1277
1279
1280
1281
1282
1301
1299
1302
1297
1296
1300
1298
1303
1304
1305
1164
1613
1614
1162
1163
1161
1165
1166
1167
1168
1169
840
838
841
836
835
837
839
842
843
844
846
845
847
851
848
852
849
850
853
854
679
681
682
680
676
683
677
678
684
685
686
687
688
690
689
691
1734
693
692
1735
1736
99
98
100
97
95
96
101
1773
1774
1775
1776
1777
1778
1779
1780
1781
1782
1783
1784
1832
1833
1834
1835
1836
1837
1838
1839
1840
1841
1842
1843
1844
1845
1846
1847
1848
1849
1850
1851
1852
1853
1854
1855
1856
1857
1858
1859
1860
1861
1862
1863
1864
1865
1866
1867
1868
1869
1870
1871
1872
1873
1874
1875
1876
1877
1878
1879
1880
1881
1882
1883
1894
1895
1896
1897
1898
1899
1900
1901
1902
1903
1904
1905
1906
1907
1908
1909
1920
1921
1922
1923
1924
1925
1926
1927
1928
1929
1930
1931
1932
1933
1934
1935
1936
1937
1938
1939
1940
1941
1942
1943
1944
1945
1946
1947
1948
1949
1950
1951
1952
1953
1954
1955
1956
1957
1958
1959
1960
1961
1962
1963
1964
1965
1966
1967
1968
1969
1970
1971
1972
1973
1974
1975
1976
1977
1978
1979
1980
1981
1982
1983
1984
1985
1986
1987
1988
1989
1990
1991
1992
1993
1994
1995
1996
1997
1998
1999
59
60
57
56
55
58
73
74
72
69
70
71
79
80
78
75
76
77
668
669
670
671
672
673
674
675
827
828
829
830
831
832
833
834
1214
1215
1213
1211
1210
1212
1229
1230
1228
1226
1225
1227
1310
1311
1309
1306
1307
1308
1325
1326
1324
1321
1322
1323
61
62
63
64
65
66
68
67
82
81
84
83
85
86
87
88
89
90
91
92
94
93
104
103
105
102
106
108
109
107
200
202
201
199
184
183
185
186
187
188
189
190
191
192
193
196
195
194
197
238
239
237
198
235
240
234
233
241
236
230
231
232
228
229
223
222
227
219
226
242
224
221
225
217
220
1558
1557
1556
218
211
216
215
214
213
212
210
205
203
204
206
207
208
209
1554
1555
1822
1823
1820
1821
1824
448
450
449
447
446
445
452
453
454
455
456
451
461
457
458
462
467
466
459
460
464
463
465
471
472
473
469
470
468
474
476
477
478
479
475
484
480
481
485
488
489
482
483
487
486
490
495
497
496
493
492
491
494
499
498
500
501
504
509
510
512
511
508
1548
1549
507
1547
505
506
502
503
1737
1738
1739
1740
276
266
278
269
277
279
280
258
295
296
294
267
259
268
270
275
274
262
264
265
272
260
271
263
273
261
243
244
245
246
251
247
248
256
249
250
252
253
254
255
283
257
281
284
1731
1732
1733
282
285
290
291
289
288
292
293
287
286
1741
1742
1743
1744
336
334
337
343
335
340
341
339
338
320
342
319
344
345
346
314
318
317
347
313
349
316
348
315
297
298
299
300
306
301
302
312
303
304
311
333
321
305
307
308
309
310
322
323
330
324
325
329
331
326
327
328
332
1687
1749
1746
1748
1745
1747
1805
1804
1806
1803
1242
1247
1248
1245
1249
1250
1251
1252
1253
1246
1244
1243
776
1234
1239
1231
1232
1233
1235
1236
1237
783
1241
1238
778
779
782
784
780
785
781
765
1240
777
775
774
764
763
766
773
759
761
760
758
762
770
772
771
768
767
769
1813
1812
1814
139
123
121
122
124
125
132
126
127
128
129
130
131
133
134
135
181
182
174
136
176
175
180
177
173
137
172
170
178
138
163
140
141
161
142
160
143
144
145
146
147
148
149
150
151
152
153
154
155
156
1815
1816
1817
1818
1819
159
162
157
158
164
165
167
166
179
168
169
171
45
44
47
46
48
49
50
51
52
53
54
110
111
112
113
114
115
116
120
119
118
117
351
353
354
355
350
352
356
357
360
361
362
363
358
359
364
365
388
389
390
391
370
387
368
366
367
369
371
380
386
385
381
372
373
374
375
376
379
377
378
382
384
383
520
519
518
517
515
513
514
516
521
522
535
523
534
524
525
530
533
532
531
529
528
526
527
1550
1551
1552
1553
1003
1004
1005
1006
1007
1009
1008
1010
1037
1038
1036
1011
1012
1013
1021
1020
1014
1015
1022
1035
1016
1017
1018
1019
1023
1034
1032
1033
1031
1024
1025
1030
1026
1029
1027
1028
1130
1133
1132
1131
1127
1129
1128
1126
1124
1123
1125
1121
1120
1122
1147
1144
1146
1145
1141
1142
1143
1134
1140
1135
1136
1139
1137
1138
1348
1347
1346
1345
1366
1365
1350
1349
1351
1354
1352
1355
1353
1356
1357
1360
1358
1359
1361
1362
1364
1363
1648
1650
1649
1647
1646
1641
1644
1645
1642
1638
1643
1639
1640
1559
1665
1666
1667
1560
1561
1151
1563
1562
1564
1610
1611
1612
1565
631
1149
1148
1150
1152
629
630
1155
625
632
628
1154
1153
627
621
626
624
622
620
623
616
617
615
614
618
619
633
636
634
637
635
1157
1158
1156
1160
1159
1688
1689
1690
1691
1692
1700
1693
1694
1699
1696
1695
1697
1698
923
924
914
913
912
922
911
910
921
909
908
915
916
860
858
907
859
855
857
856
917
862
861
906
863
864
865
866
905
867
868
904
903
884
902
927
900
918
901
919
925
877
920
878
876
875
926
883
892
879
873
874
872
869
871
870
880
882
881
887
885
886
893
890
889
888
891
896
899
897
895
898
894
1057
1058
1059
1060
1061
1062
1064
1063
1056
1055
1054
1065
1066
1067
1068
1069
1070
1071
1052
1053
1051
1072
1073
1050
1049
1074
1075
1044
1048
1047
1045
1046
1039
1043
1040
1041
1042
1758
1757
1759
1756
1754
1760
1753
1755
1761
1750
1762
1752
1751
1796
1797
1795
1794
1793
1798
1790
1791
1792
1802
1799
1801
1800
561
560
559
556
555
550
558
562
552
564
563
565
557
566
553
567
569
568
570
548
547
571
581
580
577
579
572
582
583
554
578
584
585
586
587
588
589
590
601
591
594
593
592
599
600
598
597
595
596
602
603
613
612
604
576
575
574
573
551
549
605
546
539
606
536
537
538
540
541
542
543
544
545
607
608
609
610
611
739
740
741
742
743
744
745
736
737
746
747
735
748
734
749
750
751
757
752
756
755
754
753
733
738
719
731
718
717
720
714
715
716
704
702
703
705
700
701
698
699
695
696
694
697
706
707
708
713
710
709
711
712
721
722
726
730
732
729
1546
1545
1541
1540
1544
1543
728
1539
1542
723
1538
1533
1537
1534
727
1532
1531
1535
1529
1530
1527
1536
1525
1526
1528
1701
1702
725
724
1370
1367
1369
1368
1375
1371
1372
1373
1376
1383
1387
1374
1377
1386
1378
1379
1385
1381
1380
1382
1384
6
7
8
10
23
9
22
24
11
21
19
12
20
13
18
14
15
16
17
25
26
27
28
34
29
33
35
30
32
43
31
36
37
42
38
39
40
41
405
406
407
408
410
409
429
411
412
413
431
430
415
416
426
428
427
424
414
425
423
419
417
418
420
422
421
987
941
988
940
939
986
984
938
937
989
936
935
942
943
934
933
944
945
985
946
983
964
990
982
963
962
960
991
965
958
961
992
974
959
966
955
956
957
953
967
971
952
954
973
972
968
951
950
969
949
948
970
975
947
931
996
932
995
994
930
928
929
1001
993
976
1002
1000
999
997
998
977
979
978
981
980
1076
1077
1078
1079
1080
1081
1084
1083
1097
1082
1085
1086
1094
1096
1095
1091
1087
1088
1089
1090
1092
1093
1098
1099
1100
1109
1110
1101
1102
1111
1112
1108
1103
1104
1105
1115
1116
1117
1106
1107
1114
1113
1118
1119
1388
1389
1390
1391
1434
1392
1393
1394
1437
1395
1435
1433
1436
1397
1396
1398
1399
1400
1431
1401
1402
1403
1575
1432
1405
1404
1406
1430
1407
1441
1438
1439
1440
1442
1446
1410
1429
1409
1443
1444
1408
1424
1411
1412
1413
1418
1414
1415
1417
1416
1419
1420
1428
1423
1422
1421
1425
1426
1427
1445
1463
1464
1465
1466
1489
1467
1468
1469
1490
1470
1491
1492
1488
1496
1508
1486
1494
1493
1495
1497
1505
1506
1487
1479
1476
1475
1478
1472
1471
1473
1474
1477
1480
1481
1482
1485
1483
1504
1484
1507
1498
1499
1503
1500
1501
1502
1655
1660
1663
1658
1653
1654
1651
1652
1662
1661
1664
1659
1656
1657
1576
1577
1578
1579
1580
1581
1582
1592
1591
1583
1584
1589
1590
1588
1585
1586
1587
1593
1594
1595
1597
1596
1600
1601
1599
1598
1602
1603
1605
1609
1608
1604
1607
1606
1684
1685
1683
1681
1686
1676
1682
1678
1677
1675
1673
1674
1672
1679
1680
1716
1715
1714
1713
1717
1708
1710
1712
1711
1709
1706
1707
1704
1703
1705
392
393
394
397
398
395
396
399
400
402
403
401
404
432
433
434
437
438
435
436
439
440
442
443
441
444
641
642
640
638
639
643
645
644
667
666
646
647
649
648
665
664
1574
660
1570
1573
1572
1571
1569
1568
1566
1567
656
657
655
653
654
651
663
662
661
650
658
652
659
789
790
788
786
787
791
793
792
820
817
794
795
796
797
798
819
799
821
800
801
802
803
805
822
804
823
825
826
824
806
807
808
809
816
810
818
813
815
814
812
811
1450
1451
1452
1453
1455
1462
1454
1459
1461
1460
1449
1447
1448
1456
1457
1458
1512
1513
1514
1515
1524
1523
1516
1520
1522
1521
1509
1511
1510
1517
1518
1519
1633
1635
1628
1637
1636
1627
1629
1630
1631
1632
1634
1828
1829
1830
1831
1763
1764
1765
1767
1766
1768
1769
1770
1772
1771
1785
1786
1787
1789
1788
1807
1808
1809
1810
1811
1884
1886
1888
1885
1887
1889
1890
1891
1893
1892
1910
1912
1914
1911
1913
1915
1916
1917
1919
1918
1724
1726
1729
1725
1730
1727
1728
1615
1616
1617
1618
1620
1619
1622
1626
1621
1623
1625
1624
2000
2001
2002
2003
2004
2007
2005
2006
2008
2009
2010
2011
2012
2013
2014
2015
2016
2017
2018
2019
2020
2023
2022
2021
2024
2025
2026
2027
2028
2031
2030
2029
2032
2033
2034
2035
2037
2036
2038
2039
2040
2041
2042
2044
2043
2045
2046
2047
2048
2049
2051
2050
2052
2053
2054
2055
2058
2056
2059
2057
2080
2081
2082
2086
2083
2085
2084
2087
2088
2089
2090
2091
2093
2092
1719
1722
1720
1723
1718
1721
1327
1328
1329
1330
1331
1332
1334
1335
1333
1336
1337
1338
1339
1340
1341
1343
1344
1342
2094
2095
2096
2097
2098
2099
2102
2100
2101
2103
2104
2105
2106
2107
2108
2111
2109
2110
2062
2063
2064
2065
2061
2060
2067
2068
2066
2069
2075
2073
2074
2070
2079
2078
2071
2072
2076
2077
2112
2113
2114
2115
2116
2117
2121
2118
2119
2120
2122
2123
2124
2126
2127
2125
2128
2129
2130
2131
